[{"id": 0, "img_name": "0_colors", "width": 800, "height": 800, "position": [0.7835489511489868, 0.49999999999999994, -1.5199999809265137], "rotation": [[7.549792258032541e-08, -0.99029141664505, -0.1390079110860825], [1.000000238418579, 4.781990625701838e-08, 2.0245087739567682e-07], [-1.9383803362416077e-07, -0.13900792598724368, 0.9902912974357604]], "fy": 1111.1113654242622, "fx": 1111.1113654242622}, {"id": 1, "img_name": "1_colors", "width": 800, "height": 800, "position": [0.29192194342613204, 0.30946516990661627, -1.4800000190734866], "rotation": [[0.6753329634666443, 0.7301380634307861, 0.10403903573751451], [-0.7375133037567139, 0.6685795187950134, 0.09526742994785307], [9.766193180245304e-09, -0.14106738567352295, 0.9900000095367434]], "fy": 1111.1113654242622, "fx": 1111.1113654242622}, {"id": 2, "img_name": "2_colors", "width": 800, "height": 800, "position": [0.5427141189575196, 0.9843299388885497, -1.4400000572204588], "rotation": [[-0.9961338639259341, -0.08521558344364166, -0.021356962621212006], [0.08785111457109453, -0.9662497043609619, -0.24216514825820923], [8.742279788713957e-08, -0.2431050986051559, 0.9699999690055846]], "fy": 1111.1113654242622, "fx": 1111.1113654242622}, {"id": 3, "img_name": "3_colors", "width": 800, "height": 800, "position": [0.8796523213386538, 0.004153154790401567, -1.399999976158142], "rotation": [[0.7939906120300294, -0.5775337815284729, -0.189826175570488], [0.6079303622245789, 0.7542910575866699, 0.24792332947254178], [7.930309215194712e-08, -0.3122498393058777, 0.9500000476837159]], "fy": 1111.1113654242622, "fx": 1111.1113654242622}, {"id": 4, "img_name": "4_colors", "width": 800, "height": 800, "position": [-0.2237719893455505, 0.6286627650260925, -1.3600000143051145], "rotation": [[-0.17502325773239133, 0.9156449437141418, 0.3618859648704528], [-0.9845645427703855, -0.16277161240577695, -0.06433144211769104], [8.188481011510418e-09, -0.3675595223903656, 0.9300000071525574]], "fy": 1111.1113654242622, "fx": 1111.1113654242622}, {"id": 5, "img_name": "5_colors", "width": 800, "height": 800, "position": [1.200130701065064, 0.9443164467811581, -1.3200000524520872], "rotation": [[-0.5358268618583679, -0.7683385014533999, -0.3500654101371767], [0.8443281054496765, -0.48760247230529774, -0.2221580743789672], [-1.5099584517124998e-07, -0.4146082997322083, 0.9100000262260438]], "fy": 1111.1113654242622, "fx": 1111.1113654242622}, {"id": 6, "img_name": "6_colors", "width": 800, "height": 800, "position": [0.26213315129280096, -0.38035184144973744, -1.2799999713897705], "rotation": [[0.9653818607330322, 0.23214896023273474, 0.11893344670534135], [-0.26084157824516296, 0.8591898083686828, 0.44017580151557917], [-4.657578852675314e-08, -0.45596048235893255, 0.8900000452995299]], "fy": 1111.1113654242622, "fx": 1111.1113654242622}, {"id": 7, "img_name": "7_colors", "width": 800, "height": 800, "position": [0.04680671542882941, 1.3757944107055664, -1.2400000095367432], "rotation": [[-0.888136625289917, 0.39983466267585754, 0.22659656405448914], [-0.4595800638198853, -0.7726787924766539, -0.43789723515510565], [-1.5099584519399255e-07, -0.4930517673492433, 0.8700000047683717]], "fy": 1111.1113654242622, "fx": 1111.1113654242622}, {"id": 8, "img_name": "8_colors", "width": 800, "height": 800, "position": [1.4890174865722656, 0.13689614832401267, -1.2000000476837158], "rotation": [[0.34464308619499207, -0.7979239225387574, -0.494508683681488], [0.9387340545654296, 0.29294666647911066, 0.18155182898044583], [1.243346048551661e-07, -0.5267826318740845, 0.8500000834465026]], "fy": 1111.1113654242622, "fx": 1111.1113654242622}, {"id": 9, "img_name": "9_colors", "width": 800, "height": 800, "position": [-0.5319483876228331, 0.07634624838829042, -1.159999966621399], "rotation": [[0.3797793686389923, 0.767814040184021, 0.5159742832183837], [-0.9250773787498474, 0.3152168095111847, 0.21182700991630551], [-1.6405991187652852e-08, -0.5577635765075682, 0.8299999237060546]], "fy": 1111.1113654242622, "fx": 1111.1113654242622}, {"id": 10, "img_name": "10_colors", "width": 800, "height": 800, "position": [0.9993793964385986, 1.561235189437866, -1.1200000047683716], "rotation": [[-0.9048273563385009, -0.34488123655319214, -0.24968956410884857], [0.42577928304672236, -0.7329099178314208, -0.5306177735328674], [1.509958451320226e-07, -0.586430013179779, 0.809999942779541]], "fy": 1111.1113654242622, "fx": 1111.1113654242622}, {"id": 11, "img_name": "11_colors", "width": 800, "height": 800, "position": [0.8642364740371704, -0.6708679795265199, -1.0800000429153445], "rotation": [[0.9548647999763487, -0.23466284573078153, -0.18211820721626276], [0.29704159498214716, 0.7543430924415588, 0.5854340195655823], [-7.324947733549554e-09, -0.613106906414032, 0.7899999618530273]], "fy": 1111.1113654242622, "fx": 1111.1113654242622}, {"id": 12, "img_name": "12_colors", "width": 800, "height": 800, "position": [-0.6024420857429502, 1.1426674127578738, -1.0399999618530273], "rotation": [[-0.5036235451698304, 0.6652209162712098, 0.5512210726737975], [-0.8639234304428103, -0.3877901732921601, -0.3213337659835816], [1.7013410070644107e-07, -0.638043999671936, 0.7699999809265136]], "fy": 1111.1113654242622, "fx": 1111.1113654242622}, {"id": 13, "img_name": "13_colors", "width": 800, "height": 800, "position": [1.7928042411804195, 0.7804590463638305, -1.0], "rotation": [[-0.21200729906558988, -0.732951045036316, -0.6464021801948546], [0.9772683382034301, -0.15900540351867679, -0.1402296721935272], [5.2199293792089646e-08, -0.6614379882812498, 0.7499999403953552]], "fy": 1111.1113654242622, "fx": 1111.1113654242622}, {"id": 14, "img_name": "14_colors", "width": 800, "height": 800, "position": [-0.289480835199356, -0.6158494353294374, -0.9600000381469728], "rotation": [[0.8163394331932069, 0.421628087759018, 0.3947404623031616], [-0.5775728225708008, 0.595927655696869, 0.5579248070716858], [-1.5259903221285258e-09, -0.6834472417831421, 0.7299999594688414]], "fy": 1111.1113654242622, "fx": 1111.1113654242622}, {"id": 15, "img_name": "15_colors", "width": 800, "height": 800, "position": [0.3234802484512329, 1.8972976207733154, -0.9200000166893004], "rotation": [[-0.9921149611473082, 0.08898656070232391, 0.0882599651813507], [-0.12533329427242276, -0.7044014930725097, -0.6986488699913024], [8.742279790710527e-08, -0.7042017579078673, 0.7099999785423281]], "fy": 1111.1113654242622, "fx": 1111.1113654242622}, {"id": 16, "img_name": "16_colors", "width": 800, "height": 800, "position": [1.6037260293960571, -0.4366903305053713, -0.8799999952316282], "rotation": [[0.6470560431480408, -0.5260854959487915, -0.5518630743026733], [0.7624427676200867, 0.4464685916900634, 0.46834507584571855], [-1.3786452895361506e-08, -0.7238094210624695, 0.689999997615814]], "fy": 1111.1113654242622, "fx": 1111.1113654242622}, {"id": 17, "img_name": "17_colors", "width": 800, "height": 800, "position": [-0.9836672544479368, 0.44404053688049316, -0.8400000333786013], "rotation": [[0.03769013658165932, 0.6695239543914795, 0.7418336868286132], [-0.9992896914482118, 0.02525239624083042, 0.027979683130979528], [-7.447377827105172e-09, -0.7423611879348756, 0.6699999570846559]], "fy": 1111.1113654242622, "fx": 1111.1113654242622}, {"id": 18, "img_name": "18_colors", "width": 800, "height": 800, "position": [1.5814405679702754, 1.5679354667663572, -0.8000000119209288], "rotation": [[-0.702650249004364, -0.46249833703041077, -0.5407201051712034], [0.7115357518196106, -0.4567225873470307, -0.5339678525924682], [1.6436113982412814e-07, -0.7599342465400696, 0.6500000953674318]], "fy": 1111.1113654242622, "fx": 1111.1113654242622}, {"id": 19, "img_name": "19_colors", "width": 800, "height": 800, "position": [0.421961009502411, -1.0512285232543945, -0.7599999904632571], "rotation": [[0.9987372159957887, 0.031653922051191344, 0.03901949524879456], [-0.05024433135986329, 0.6292043924331666, 0.7756142020225524], [-6.282598889347259e-09, -0.7765951752662659, 0.6300000548362733]], "fy": 1111.1113654242622, "fx": 1111.1113654242622}, {"id": 20, "img_name": "20_colors", "width": 800, "height": 800, "position": [-0.510191321372986, 1.7211115360260012, -0.7200000286102298], "rotation": [[-0.7705132961273193, 0.38882869482040416, 0.5050958395004272], [-0.6374242901802065, -0.4700129330158234, -0.6105557680130004], [-6.1707291850853926e-09, -0.7924016714096069, 0.6099998354911804]], "fy": 1111.1113654242622, "fx": 1111.1113654242622}, {"id": 21, "img_name": "21_colors", "width": 800, "height": 800, "position": [2.0994036197662354, 0.27749535441398615, -0.6800000071525573], "rotation": [[0.13779039680957791, -0.5843722820281982, -0.799701750278473], [0.9904616475105285, 0.08129635453224181, 0.11125237494707105], [2.8487775684290387e-08, -0.8074033260345459, 0.5900000333786011]], "fy": 1111.1113654242622, "fx": 1111.1113654242622}, {"id": 22, "img_name": "22_colors", "width": 800, "height": 800, "position": [-0.8533023595809934, -0.43218705058097834, -0.6399999856948853], "rotation": [[0.5672690868377687, 0.4694134891033171, 0.6766512989997865], [-0.82353276014328, 0.3233431279659271, 0.46609365940093994], [8.9800117532221e-08, -0.8216449618339539, 0.5699997544288635]], "fy": 1111.1113654242622, "fx": 1111.1113654242622}, {"id": 23, "img_name": "23_colors", "width": 800, "height": 800, "position": [0.8746060132980347, 2.127780914306641, -0.6000000238418579], "rotation": [[-0.9745271205902101, -0.12334878742694858, -0.18730306625366214], [0.22427079081535345, -0.5359898805618287, -0.8138903975486755], [-1.5099584514631444e-07, -0.8351647853851318, 0.5500000119209288]], "fy": 1111.1113654242622, "fx": 1111.1113654242622}, {"id": 24, "img_name": "24_colors", "width": 800, "height": 800, "position": [1.3356631994247437, -0.9758275151252749, -0.5600000023841858], "rotation": [[0.8701839447021484, -0.26114547252655035, -0.41783162951469427], [0.49272745847702026, 0.46119749546051025, 0.737913727760315], [5.204810452301584e-08, -0.8479977250099183, 0.5300000309944154]], "fy": 1111.1113654242622, "fx": 1111.1113654242622}, {"id": 25, "img_name": "25_colors", "width": 800, "height": 800, "position": [-1.1361489295959475, 1.0316170454025266, -0.5200000405311584], "rotation": [[-0.3090170919895172, 0.485038846731186, 0.8180744647979736], [-0.951056718826294, -0.1575987935066223, -0.26580849289894104], [1.1029057132939075e-07, -0.8601745367050171, 0.5099999904632568]], "fy": 1111.1113654242622, "fx": 1111.1113654242622}, {"id": 26, "img_name": "26_colors", "width": 800, "height": 800, "position": [2.086719512939453, 1.2224409580230713, -0.4800000190734864], "rotation": [[-0.4143758118152619, -0.44595205783843994, -0.7933596968650818], [0.910106122493744, -0.20304417610168457, -0.36122056841850286], [1.2743584885413894e-08, -0.8717224597930907, 0.49000012874603277]], "fy": 1111.1113654242622, "fx": 1111.1113654242622}, {"id": 27, "img_name": "27_colors", "width": 800, "height": 800, "position": [-0.19090478122234344, -1.1245155334472658, -0.44000002741813654], "rotation": [[0.9202320575714111, 0.18394567072391507, 0.34545242786407465], [-0.3913737833499908, 0.4325091242790222, 0.812257707118988], [-2.840323886095283e-08, -0.8826664686203004, 0.4700000882148742]], "fy": 1111.1113654242622, "fx": 1111.1113654242622}, {"id": 28, "img_name": "28_colors", "width": 800, "height": 800, "position": [-0.09443471580743794, 2.184234857559204, -0.4000000059604645], "rotation": [[-0.942990779876709, 0.1497689187526703, 0.29721733927726746], [-0.3328196704387665, -0.4243456721305848, -0.8421175479888917], [-1.5099584515737076e-07, -0.893028736114502, 0.4499998986721039]], "fy": 1111.1113654242622, "fx": 1111.1113654242622}, {"id": 29, "img_name": "29_colors", "width": 800, "height": 800, "position": [2.093116044998169, -0.34993022680282604, -0.36000001430511475], "rotation": [[0.4707040190696716, -0.37938529253005987, -0.7965580224990843], [0.8822914958000184, 0.20240265130996704, 0.42496511340141296], [-5.658705860441451e-08, -0.9028290510177615, 0.4299999773502351]], "fy": 1111.1113654242622, "fx": 1111.1113654242622}, {"id": 30, "img_name": "30_colors", "width": 800, "height": 800, "position": [-1.2668613195419312, 0.04634710773825642, -0.32000002264976507], "rotation": [[0.24869011342525485, 0.39711910486221313, 0.8834306597709655], [-0.9685833454132081, 0.10196294635534289, 0.2268265932798386], [-1.1969415684277071e-08, -0.9120856523513795, 0.40999999642372137]], "fy": 1111.1113654242622, "fx": 1111.1113654242622}, {"id": 31, "img_name": "31_colors", "width": 800, "height": 800, "position": [1.506256103515625, 2.042416572570801, -0.28000000119209284], "rotation": [[-0.8375282883644103, -0.2130938321352005, -0.5031278729438782], [0.5463943481445312, -0.3266360759735107, -0.7712082862854004], [-5.558674897904681e-09, -0.9208149313926696, 0.39000010490417486]], "fy": 1111.1113654242622, "fx": 1111.1113654242622}, {"id": 32, "img_name": "32_colors", "width": 800, "height": 800, "position": [0.8021901845932008, -1.3333251476287842, -0.24000000953674314], "rotation": [[0.9866861701011659, -0.06017578765749931, -0.15109510719776156], [0.1626372337341309, 0.3650738596916199, 0.9166625738143921], [-1.3821337853377954e-08, -0.9290318489074705, 0.37000003457069386]], "fy": 1111.1113654242622, "fx": 1111.1113654242622}, {"id": 33, "img_name": "33_colors", "width": 800, "height": 800, "position": [-0.9731109142303468, 1.657559633255005, -0.20000001788139332], "rotation": [[-0.6178597807884216, 0.27520099282264715, 0.7365553975105286], [-0.7862885594367981, -0.21625080704689023, -0.5787798762321472], [-9.898422348126552e-08, -0.936749815940857, 0.34999993443489075]], "fy": 1111.1113654242622, "fx": 1111.1113654242622}, {"id": 34, "img_name": "34_colors", "width": 800, "height": 800, "position": [2.382597923278808, 0.6422141194343568, -0.16000001132488267], "rotation": [[-0.07532696425914767, -0.3290625214576722, -0.9412989616394044], [0.9971591234207156, -0.024857874959707264, -0.07110721617937088], [2.8626876872236034e-08, -0.9439810514450074, 0.33000004291534435]], "fy": 1111.1113654242622, "fx": 1111.1113654242622}, {"id": 35, "img_name": "35_colors", "width": 800, "height": 800, "position": [-0.8016479015350343, -0.8861142396926878, -0.12000001221895226], "rotation": [[0.7289686799049377, 0.21220980584621432, 0.6508240699768066], [-0.6845474243164064, 0.22598023712635049, 0.6930570006370544], [1.2173653370442897e-07, -0.95073664188385, 0.3100000619888307]], "fy": 1111.1113654242622, "fx": 1111.1113654242622}, {"id": 36, "img_name": "36_colors", "width": 800, "height": 800, "position": [0.524052083492279, 2.4139022827148438, -0.0800000131130219], "rotation": [[-0.9999212622642517, -0.0036439995747059592, -0.012026051990687847], [0.012566015124320987, -0.28997713327407837, -0.9569510817527771], [-1.5099584516115935e-07, -0.9570267796516417, 0.28999999165534973]], "fy": 1111.1113654242622, "fx": 1111.1113654242622}, {"id": 37, "img_name": "37_colors", "width": 800, "height": 800, "position": [1.7825528383255005, -0.9364742636680606, -0.04000001400709153], "rotation": [[0.7459411621093751, -0.17982314527034757, -0.6412765979766847], [0.6660122275352478, 0.20140396058559415, 0.718237042427063], [1.984844729839011e-09, -0.9628604650497438, 0.26999980211257935]], "fy": 1111.1113654242622, "fx": 1111.1113654242622}, {"id": 38, "img_name": "38_colors", "width": 800, "height": 800, "position": [-1.426714301109314, 0.6943496465682983, -1.490116119758574e-08], "rotation": [[-0.10036168247461319, 0.24873787164688116, 0.9633571505546571], [-0.9949512481689453, -0.025090394541621215, -0.09717476367950441], [-3.310665164464772e-08, -0.9682459235191345, 0.2500000894069672]], "fy": 1111.1113654242622, "fx": 1111.1113654242622}, {"id": 39, "img_name": "39_colors", "width": 800, "height": 800, "position": [2.060154914855958, 1.6637510061264034, 0.03999998420476919], "rotation": [[-0.5979052186012267, -0.18436053395271298, -0.7800773382186889], [0.8015670776367188, -0.13751794397830963, -0.5818756818771362], [2.83825158912717e-07, -0.9731907844543455, 0.2299999594688415]], "fy": 1111.1113654242622, "fx": 1111.1113654242622}, {"id": 40, "img_name": "40_colors", "width": 800, "height": 800, "position": [0.13359405100345612, -1.4207671880722046, 0.07999998331069946], "rotation": [[0.9822874665260314, 0.039350081235170364, 0.18320296704769135], [-0.18738135695457453, 0.20628046989440918, 0.9603835940361022], [-1.9029560140691025e-08, -0.9777014851570128, 0.2100001126527786]], "fy": 1111.1113654242622, "fx": 1111.1113654242622}, {"id": 41, "img_name": "41_colors", "width": 800, "height": 800, "position": [-0.5312162041664128, 2.1709856986999516, 0.11999998241662976], "rotation": [[-0.8509947061538695, 0.09978315979242325, 0.5156080722808837], [-0.5251746773719788, -0.1616888642311096, -0.8354929089546204], [-3.9585181355875455e-08, -0.981784224510193, 0.18999989330768585]], "fy": 1111.1113654242622, "fx": 1111.1113654242622}, {"id": 42, "img_name": "42_colors", "width": 800, "height": 800, "position": [2.396049022674561, -0.0379577279090881, 0.1599999815225601], "rotation": [[0.2729520797729492, -0.16354471445083615, -0.9480244517326355], [0.9620279073715209, 0.046401936560869224, 0.26897892355918884], [8.557027087205198e-08, -0.9854441881179811, 0.17000003159046176]], "fy": 1111.1113654242622, "fx": 1111.1113654242622}, {"id": 43, "img_name": "43_colors", "width": 800, "height": 800, "position": [-1.2674570083618164, -0.38662040233612055, 0.19999998807907107], "rotation": [[0.44838327169418324, 0.13407622277736667, 0.8837285041809082], [-0.8938416838645933, 0.06725755333900453, 0.44331014156341547], [-7.143162861509975e-08, -0.9886860847473145, 0.15000002086162567]], "fy": 1111.1113654242622, "fx": 1111.1113654242622}, {"id": 44, "img_name": "44_colors", "width": 800, "height": 800, "position": [1.2067747116088867, 2.3528003692626953, 0.2399999797344207], "rotation": [[-0.9343292117118837, -0.04633341357111931, -0.35338726639747625], [0.3564118444919587, -0.12146297097206114, -0.9264002442359924], [-1.7751378324071844e-07, -0.9915140867233277, 0.1300001293420792]], "fy": 1111.1113654242622, "fx": 1111.1113654242622}, {"id": 45, "img_name": "45_colors", "width": 800, "height": 800, "position": [1.231781244277954, -1.3482683897018435, 0.27999997138977045], "rotation": [[0.9297767281532288, -0.04049372300505639, -0.3658906519412994], [0.36812466382980347, 0.10227547585964204, 0.9241341948509217], [1.9004908766095473e-09, -0.9939317107200623, 0.11000005155801774]], "fy": 1111.1113654242622, "fx": 1111.1113654242622}, {"id": 46, "img_name": "46_colors", "width": 800, "height": 800, "position": [-1.2915104627609253, 1.3706836700439453, 0.3199999928474426], "rotation": [[-0.4371159076690674, 0.08094650506973267, 0.8957552313804626], [-0.8994054794311525, -0.03934029117226599, -0.43534192442893976], [-1.331000447616584e-07, -0.9959418773651123, 0.0899999663233757]], "fy": 1111.1113654242622, "fx": 1111.1113654242622}, {"id": 47, "img_name": "47_colors", "width": 800, "height": 800, "position": [2.4123411178588867, 1.0686402320861816, 0.3599999845027923], "rotation": [[-0.285019338130951, -0.06709648668766023, -0.9561704993247987], [0.9585220217704774, -0.019951170310378075, -0.28432014584541326], [1.6093662225201788e-07, -0.9975470900535583, 0.06999990344047546]], "fy": 1111.1113654242622, "fx": 1111.1113654242622}, {"id": 48, "img_name": "48_colors", "width": 800, "height": 800, "position": [-0.5275921821594238, -1.2129081487655637, 0.3999999761581421], "rotation": [[0.8575267195701598, 0.025722000747919086, 0.5137962698936464], [-0.5144398212432861, 0.04287646338343621, 0.8564539551734925], [-5.905382494508635e-08, -0.998749315738678, 0.05000011995434761]], "fy": 1111.1113654242622, "fx": 1111.1113654242622}, {"id": 49, "img_name": "49_colors", "width": 800, "height": 800, "position": [0.100759819149971, 2.45882797241211, 0.43999999761581415], "rotation": [[-0.9798552989959715, 0.005991350393742322, 0.1996200382709503], [-0.19970996677875513, -0.029395567253232002, -0.9794140458106994], [-6.837214527971212e-08, -0.9995500445365907, 0.029999924823641774]], "fy": 1111.1113654242622, "fx": 1111.1113654242622}, {"id": 50, "img_name": "50_colors", "width": 800, "height": 800, "position": [2.1179530620574947, -0.6755117177963259, 0.479999989271164], "rotation": [[0.5877854228019714, -0.00809033587574959, -0.8089765310287474], [0.8090171813964845, 0.005878009833395482, 0.587755858898163], [2.945436250570485e-08, -0.999950110912323, 0.010000225156545639]], "fy": 1111.1113654242622, "fx": 1111.1113654242622}, {"id": 51, "img_name": "51_colors", "width": 800, "height": 800, "position": [-1.487123250961304, 0.27429851889610296, 0.5199999809265137], "rotation": [[0.1128559932112694, -0.009936022572219372, 0.9935616850852966], [-0.9936115741729736, -0.0011284735519438982, 0.11285031586885454], [-7.530744028372555e-08, -0.999950110912323, -0.009999899193644524]], "fy": 1111.1113654242622, "fx": 1111.1113654242622}, {"id": 52, "img_name": "52_colors", "width": 800, "height": 800, "position": [1.8125804662704468, 2.0078237056732178, 0.5600000023841856], "rotation": [[-0.7542516589164733, 0.01969738118350506, -0.6562901139259338], [0.6565858125686646, 0.02262765355408191, -0.7539119720458985], [2.1460755306574413e-07, -0.9995500445365905, -0.029999956488609314]], "fy": 1111.1113654242622, "fx": 1111.1113654242622}, {"id": 53, "img_name": "53_colors", "width": 800, "height": 800, "position": [0.5501973032951357, -1.4968676567077637, 0.5999999642372131], "rotation": [[0.9996844530105592, 0.0012565056094899776, -0.025098659098148346], [0.02513009868562222, -0.04998436942696572, 0.9984337687492372], [-2.9832405435006826e-09, -0.998749315738678, -0.05000015348196029]], "fy": 1111.1113654242622, "fx": 1111.1113654242622}, {"id": 54, "img_name": "54_colors", "width": 800, "height": 800, "position": [-0.8839035630226132, 1.9370841979980462, 0.6399999856948854], "rotation": [[-0.7203092575073243, -0.04855559766292571, 0.6919517517089844], [-0.6936534643173218, 0.05042152106761929, -0.7185421586036682], [-1.684636252073696e-08, -0.9975471496582031, -0.0699998140335083]], "fy": 1111.1113654242622, "fx": 1111.1113654242622}, {"id": 55, "img_name": "55_colors", "width": 800, "height": 800, "position": [2.4879529476165767, 0.3749285936355592, 0.6800000071525574], "rotation": [[0.06279051303863525, 0.08982206135988237, -0.9939765334129333], [0.998026967048645, -0.005650987382978201, 0.06253569573163986], [1.3656216424375037e-07, -0.9959419369697571, -0.08999963849782945]], "fy": 1111.1113654242622, "fx": 1111.1113654242622}, {"id": 56, "img_name": "56_colors", "width": 800, "height": 800, "position": [-1.0474765300750735, -0.7477645277976989, 0.7199999690055847], "rotation": [[0.6276916265487672, -0.08563081920146942, 0.7737382054328918], [-0.7784624099731445, -0.06904622912406921, 0.6238823533058167], [1.5095258732865482e-07, -0.9939317107200623, -0.11000008136034012]], "fy": 1111.1113654242622, "fx": 1111.1113654242622}, {"id": 57, "img_name": "57_colors", "width": 800, "height": 800, "position": [0.7979015707969663, 2.460524082183838, 0.7599999904632567], "rotation": [[-0.9886519908905027, 0.01952947117388248, -0.1489508748054504], [0.15022572875022888, 0.12852464616298676, -0.9802620410919191], [-1.4110520396185137e-07, -0.9915141463279724, -0.12999992072582245]], "fy": 1111.1113654242622, "fx": 1111.1113654242622}, {"id": 58, "img_name": "58_colors", "width": 800, "height": 800, "position": [1.6011502742767334, -1.1423970460891728, 0.8000000119209291], "rotation": [[0.8305959105491637, 0.08353137969970703, -0.550575315952301], [0.5568759441375732, -0.12458901107311252, 0.8211984634399417], [1.9990321219278233e-07, -0.9886861443519591, -0.14999969303607943]], "fy": 1111.1113654242622, "fx": 1111.1113654242622}, {"id": 59, "img_name": "59_colors", "width": 800, "height": 800, "position": [-1.4149774312973025, 0.9661130905151367, 0.8399999737739562], "rotation": [[-0.23649923503398895, -0.16517747938632965, 0.9574886560440065], [-0.9716319441795349, 0.04020481556653977, -0.2330567240715027], [6.479547209804979e-08, -0.9854441881179811, -0.17000006139278415]], "fy": 1111.1113654242622, "fx": 1111.1113654242622}, {"id": 60, "img_name": "60_colors", "width": 800, "height": 800, "position": [2.2206878662109375, 1.445956230163574, 0.8799999952316286], "rotation": [[-0.48175370693206776, 0.1664983630180359, -0.8603439927101136], [0.8763069510459897, 0.09153290092945097, -0.4729780554771422], [-2.9071870244864545e-07, -0.981784224510193, -0.18999992311000827]], "fy": 1111.1113654242622, "fx": 1111.1113654242622}, {"id": 61, "img_name": "61_colors", "width": 800, "height": 800, "position": [-0.12757402658462527, -1.3519586324691772, 0.9199999570846557], "rotation": [[0.9470985531806944, -0.06739815324544907, 0.31378704309463495], [-0.3209437131881714, -0.19889058172702792, 0.9259793162345885], [-9.676855774305373e-09, -0.9777015447616576, -0.20999990403652188]], "fy": 1111.1113654242622, "fx": 1111.1113654242622}, {"id": 62, "img_name": "62_colors", "width": 800, "height": 800, "position": [-0.2842095494270325, 2.281408309936524, 0.9599999785423279], "rotation": [[-0.9152414202690123, -0.09266834706068039, 0.39210474491119385], [-0.4029064774513244, 0.21050542593002317, -0.8907041549682618], [-8.493037738527487e-08, -0.9731907844543457, -0.22999987006187433]], "fy": 1111.1113654242622, "fx": 1111.1113654242622}, {"id": 63, "img_name": "63_colors", "width": 800, "height": 800, "position": [2.272356986999512, -0.2802249491214753, 1.0], "rotation": [[0.40290650725364685, 0.22881023585796356, -0.8861784934997559], [0.9152414202690126, -0.10072655230760577, 0.3901124894618988], [2.3066844423607524e-08, -0.9682459831237793, -0.24999988079071045]], "fy": 1111.1113654242622, "fx": 1111.1113654242622}, {"id": 64, "img_name": "64_colors", "width": 800, "height": 800, "position": [-1.3238468170166013, -0.11804773658514017, 1.0399999618530273], "rotation": [[0.320943295955658, -0.25571653246879583, 0.9119235277175903], [-0.9470986723899842, -0.08665441721677782, 0.30902352929115295], [-2.251129132074849e-07, -0.9628604650497438, -0.2699998319149018]], "fy": 1111.1113654242622, "fx": 1111.1113654242622}, {"id": 65, "img_name": "65_colors", "width": 800, "height": 800, "position": [1.4221022129058838, 2.1772975921630864, 1.0800000429153442], "rotation": [[-0.8763069510459899, 0.13970839977264404, -0.46105104684829723], [0.4817536771297456, 0.2541289329528809, -0.8386489152908326], [1.1679617274594044e-07, -0.9570267796516417, -0.2899999022483826]], "fy": 1111.1113654242622, "fx": 1111.1113654242622}, {"id": 66, "img_name": "66_colors", "width": 800, "height": 800, "position": [0.9496964812278745, -1.3475315570831299, 1.1200000047683718], "rotation": [[0.9716319441795347, 0.07331470400094986, -0.22484828531742093], [0.23649910092353818, -0.3012058436870575, 0.9237657785415649], [-2.3479642860775138e-09, -0.9507367014884949, -0.3099999725818635]], "fy": 1111.1113654242622, "fx": 1111.1113654242622}, {"id": 67, "img_name": "67_colors", "width": 800, "height": 800, "position": [-1.0681333541870124, 1.551359891891479, 1.159999966621399], "rotation": [[-0.5568760037422178, -0.2740965187549591, 0.7840665578842162], [-0.8305959105491637, 0.1837691366672516, -0.5256801843643187], [-1.2458232842343036e-07, -0.9439810514450074, -0.3299999833106995]], "fy": 1111.1113654242622, "fx": 1111.1113654242622}, {"id": 68, "img_name": "68_colors", "width": 800, "height": 800, "position": [2.3522384166717534, 0.7814475297927856, 1.199999928474426], "rotation": [[-0.15022574365139005, 0.3460280001163482, -0.9261192679405212], [0.9886519908905029, 0.05257907509803771, -0.14072386920452115], [9.184183370283829e-08, -0.9367498755455017, -0.3499998748302459]], "fy": 1111.1113654242622, "fx": 1111.1113654242622}, {"id": 69, "img_name": "69_colors", "width": 800, "height": 800, "position": [-0.6662904024124144, -0.9464324116706846, 1.240000009536743], "rotation": [[0.7784624099731445, -0.23224575817584986, 0.5831453204154967], [-0.6276916265487671, -0.28803092241287226, 0.7232161760330198], [-8.773342925673893e-09, -0.9290319085121155, -0.3699998259544373]], "fy": 1111.1113654242622, "fx": 1111.1113654242622}, {"id": 70, "img_name": "70_colors", "width": 800, "height": 800, "position": [0.38436311483383184, 2.3379957675933833, 1.2799999713897703], "rotation": [[-0.9980269670486451, -0.02448821812868119, 0.057818412780761726], [-0.06279047578573227, 0.3892304003238678, -0.9189978837966919], [-6.385207740053595e-08, -0.9208149909973146, -0.3899999260902405]], "fy": 1111.1113654242622, "fx": 1111.1113654242622}, {"id": 71, "img_name": "71_colors", "width": 800, "height": 800, "position": [1.8139668703079224, -0.7653422951698305, 1.3199999332427983], "rotation": [[0.6936533451080321, 0.2953267395496369, -0.6569835543632507], [0.7203093171119691, -0.2843977510929108, 0.632671058177948], [2.1287272337130523e-08, -0.9120857119560244, -0.40999990701675426]], "fy": 1111.1113654242622, "fx": 1111.1113654242622}, {"id": 72, "img_name": "72_colors", "width": 800, "height": 800, "position": [-1.3050875663757329, 0.5453763604164124, 1.3600000143051145], "rotation": [[-0.025130178779363636, -0.4298641383647918, 0.902543842792511], [-0.9996844530105592, 0.010805906727910042, -0.022688278928399086], [7.264929280323251e-08, -0.9028290510177611, -0.4299998879432678]], "fy": 1111.1113654242622, "fx": 1111.1113654242622}, {"id": 73, "img_name": "73_colors", "width": 800, "height": 800, "position": [1.8471360206603997, 1.6726996898651123, 1.3999999761581423], "rotation": [[-0.6565858721733094, 0.33941307663917547, -0.6735681295394895], [0.7542516589164735, 0.2954635620117188, -0.5863497853279114], [4.8205190975466675e-08, -0.8930287361145021, -0.44999989867210394]], "fy": 1111.1113654242622, "fx": 1111.1113654242622}, {"id": 74, "img_name": "74_colors", "width": 800, "height": 800, "position": [0.3007709085941315, -1.2540546655654907, 1.4399999380111692], "rotation": [[0.9936115741729736, -0.05304250121116638, 0.09961453825235367], [-0.1128564104437828, -0.46699729561805725, 0.8770273923873901], [-4.193497112873516e-09, -0.88266658782959, -0.4699999094009399]], "fy": 1111.1113654242622, "fx": 1111.1113654242622}, {"id": 75, "img_name": "75_colors", "width": 800, "height": 800, "position": [-0.5247711539268493, 1.910476565361023, 1.480000019073486], "rotation": [[-0.8090172410011293, -0.2880146205425262, 0.5123856067657471], [-0.5877853035926819, 0.3964184224605561, -0.7052382826805115], [-1.5049927522245152e-07, -0.8717225790023805, -0.4899999499320983]], "fy": 1111.1113654242622, "fx": 1111.1113654242622}, {"id": 76, "img_name": "76_colors", "width": 800, "height": 800, "position": [2.185692548751831, 0.15642917156219482, 1.5199999809265137], "rotation": [[0.19970954954624173, 0.49972605705261247, -0.842846393585205], [0.9798553586006163, -0.10185159742832184, 0.1717851608991623], [2.6888361048590524e-07, -0.8601746559143069, -0.5099998116493226]], "fy": 1111.1113654242622, "fx": 1111.1113654242622}, {"id": 77, "img_name": "77_colors", "width": 800, "height": 800, "position": [-0.9543611407279965, -0.37248700857162476, 1.559999942779541], "rotation": [[0.514439582824707, -0.4544891715049743, 0.7271806597709656], [-0.8575268983840943, -0.27265289425849915, 0.43624347448349], [-1.2961296898715974e-08, -0.847997784614563, -0.5299999713897705]], "fy": 1111.1113654242622, "fx": 1111.1113654242622}, {"id": 78, "img_name": "78_colors", "width": 800, "height": 800, "position": [0.9760760068893434, 2.1010470390319824, 1.600000023841858], "rotation": [[-0.9585219621658325, 0.15676058828830722, -0.23803816735744482], [0.2850194573402405, 0.527186930179596, -0.800523579120636], [6.612214777216442e-08, -0.8351648449897766, -0.5499998927116394]], "fy": 1111.1113654242622, "fx": 1111.1113654242622}, {"id": 79, "img_name": "79_colors", "width": 800, "height": 800, "position": [1.2183077335357666, -0.9779831171035769, 1.6399999856948853], "rotation": [[0.8994054794311523, 0.24915602803230288, -0.3591538369655609], [0.4371158480644226, -0.5126610994338988, 0.7389914989471434], [-1.396119663814734e-08, -0.8216447830200194, -0.5700000524520874]], "fy": 1111.1113654242622, "fx": 1111.1113654242622}, {"id": 80, "img_name": "80_colors", "width": 800, "height": 800, "position": [-1.0014090538024898, 1.0944498777389529, 1.6799999475479128], "rotation": [[-0.36812460422515875, -0.5485680699348449, 0.7507046461105347], [-0.9297767281532289, 0.21719345450401312, -0.2972249686717987], [-2.7362382591778433e-08, -0.8074035048484802, -0.5899998545646669]], "fy": 1111.1113654242622, "fx": 1111.1113654242622}, {"id": 81, "img_name": "81_colors", "width": 800, "height": 800, "position": [1.9807271957397459, 1.0648425817489626, 1.7200000286102293], "rotation": [[-0.3564119637012482, 0.5699406266212463, -0.7403636574745177], [0.9343291521072389, 0.21741120517253876, -0.28242132067680364], [-4.212531831304741e-08, -0.792401611804962, -0.6099998950958252]], "fy": 1111.1113654242622, "fx": 1111.1113654242622}, {"id": 82, "img_name": "82_colors", "width": 800, "height": 800, "position": [-0.1964244395494462, -0.8883057832717893, 1.7599999904632568], "rotation": [[0.8938416838645933, -0.2824814617633819, 0.34821215271949774], [-0.4483832716941833, -0.5631203055381775, 0.6941528320312502], [1.451393319874002e-08, -0.7765951752662659, -0.630000114440918]], "fy": 1111.1113654242622, "fx": 1111.1113654242622}, {"id": 83, "img_name": "83_colors", "width": 800, "height": 800, "position": [0.08514897525310515, 1.9621554613113408, 1.7999999523162842], "rotation": [[-0.962027907371521, -0.17741866409778592, 0.207425519824028], [-0.2729519307613373, 0.625318169593811, -0.7310776710510254], [-1.1582364577588779e-07, -0.7599342465400696, -0.650000035762787]], "fy": 1111.1113654242622, "fx": 1111.1113654242622}, {"id": 84, "img_name": "84_colors", "width": 800, "height": 800, "position": [1.7634904384613035, -0.27973842620849615, 1.840000033378601], "rotation": [[0.5251747369766234, 0.5701663494110109, -0.6317452192306519], [0.8509946465492247, -0.35186699032783514, 0.3898692429065704], [2.7809457871093588e-08, -0.7423611879348756, -0.6699999570846559]], "fy": 1111.1113654242622, "fx": 1111.1113654242622}, {"id": 85, "img_name": "85_colors", "width": 800, "height": 800, "position": [-0.9219774007797243, 0.22874329984188074, 1.8799999952316284], "rotation": [[0.1873811632394791, -0.6777781844139099, 0.7109888195991516], [-0.9822875261306763, -0.12929287552833563, 0.13562831282615664], [-1.2622149368928785e-07, -0.723809540271759, -0.6899998784065247]], "fy": 1111.1113654242622, "fx": 1111.1113654242622}, {"id": 86, "img_name": "86_colors", "width": 800, "height": 800, "position": [1.3420914411544798, 1.6289296150207513, 1.9199999570846553], "rotation": [[-0.8015670776367188, 0.4245125651359558, -0.4210458695888518], [0.5979052186012268, 0.5691124200820925, -0.5644648671150206], [2.0974702704442e-08, -0.7042018771171571, -0.7099998593330382]], "fy": 1111.1113654242622, "fx": 1111.1113654242622}, {"id": 87, "img_name": "87_colors", "width": 800, "height": 800, "position": [0.6371838450431826, -0.8599928617477416, 1.9600000381469729], "rotation": [[0.9949512481689454, 0.07326406240463258, -0.06859192997217178], [0.10036174207925799, -0.7263143062591554, 0.6799964308738708], [-3.4766758315401188e-09, -0.6834471821784974, -0.7300000190734864]], "fy": 1111.1113654242622, "fx": 1111.1113654242622}, {"id": 88, "img_name": "88_colors", "width": 800, "height": 800, "position": [-0.4867873787879946, 1.3810509443283083, 1.9999999999999996], "rotation": [[-0.6660121083259584, -0.559455931186676, 0.49339359998703003], [-0.7459412813186647, 0.4995089769363405, -0.4405255019664765], [6.802481075325958e-08, -0.6614378690719603, -0.7499999999999999]], "fy": 1111.1113654242622, "fx": 1111.1113654242622}, {"id": 89, "img_name": "89_colors", "width": 800, "height": 800, "position": [1.7759870290756226, 0.5160353779792786, 2.0399999618530273], "rotation": [[-0.01256616320461035, 0.7699393630027771, -0.6379934549331665], [0.9999212622642516, 0.009676003828644753, -0.008017689920961859], [9.258869937636923e-08, -0.6380438804626466, -0.7700000405311584]], "fy": 1111.1113654242622, "fx": 1111.1113654242622}, {"id": 90, "img_name": "90_colors", "width": 800, "height": 800, "position": [-0.393871307373047, -0.3394010365009308, 2.0799999237060547], "rotation": [[0.6845473647117615, -0.5758852362632754, 0.44693562388420105], [-0.7289687395095826, -0.5407923460006714, 0.4197004735469818], [5.654314359523923e-08, -0.6131068468093872, -0.790000021457672]], "fy": 1111.1113654242622, "fx": 1111.1113654242622}, {"id": 91, "img_name": "91_colors", "width": 800, "height": 800, "position": [0.5883477926254272, 1.6695275306701662, 2.1199998855590825], "rotation": [[-0.9971591234207156, 0.06101460009813309, -0.044173877686262145], [0.07532671838998796, 0.8076987862586974, -0.5847638249397279], [5.906697353370745e-08, -0.5864299535751343, -0.8100000023841859]], "fy": 1111.1113654242622, "fx": 1111.1113654242622}, {"id": 92, "img_name": "92_colors", "width": 800, "height": 800, "position": [1.189238905906677, -0.3771257996559141, 2.160000085830688], "rotation": [[0.786288559436798, 0.5128235816955565, -0.3446196019649505], [0.6178598403930663, -0.6526193618774413, 0.43856292963027954], [-1.4824124202781546e-08, -0.5577635169029236, -0.8299999237060546]], "fy": 1111.1113654242622, "fx": 1111.1113654242622}, {"id": 93, "img_name": "93_colors", "width": 800, "height": 800, "position": [-0.539538145065308, 0.6713488698005678, 2.200000047683716], "rotation": [[-0.16263729333877563, -0.8386831879615784, 0.5197690725326539], [-0.9866861701011659, 0.1382417231798172, -0.08567441254854205], [-8.075389956857611e-08, -0.5267826914787292, -0.8500000238418579]], "fy": 1111.1113654242622, "fx": 1111.1113654242622}, {"id": 94, "img_name": "94_colors", "width": 800, "height": 800, "position": [1.3258892297744753, 1.0388013124465942, 2.2400000095367427], "rotation": [[-0.5463945865631105, 0.728649377822876, -0.41294464468956005], [0.8375281691551208, 0.47536325454711914, -0.2694006860256195], [5.126997852335472e-08, -0.4930517673492432, -0.8700000047683715]], "fy": 1111.1113654242622, "fx": 1111.1113654242622}, {"id": 95, "img_name": "95_colors", "width": 800, "height": 800, "position": [0.27321445941925043, -0.3832713663578033, 2.2799999713897705], "rotation": [[0.9685834050178527, -0.22133404016494745, 0.11339272558689115], [-0.2486899346113204, -0.8620391488075256, 0.4416356384754181], [-2.2941883051490015e-08, -0.45596051216125494, -0.8900000452995301]], "fy": 1111.1113654242622, "fx": 1111.1113654242622}, {"id": 96, "img_name": "96_colors", "width": 800, "height": 800, "position": [0.1096845343708992, 1.2316104173660278, 2.3199999332427983], "rotation": [[-0.8822914958000184, -0.4283405542373657, 0.1951577663421631], [-0.47070398926734924, 0.8028851747512818, -0.3658052086830139], [-7.307713186753632e-08, -0.41460832953453075, -0.909999966621399]], "fy": 1111.1113654242622, "fx": 1111.1113654242622}, {"id": 97, "img_name": "97_colors", "width": 800, "height": 800, "position": [1.193210244178772, 0.2553380131721496, 2.359999895095825], "rotation": [[0.33281952142715454, 0.8769813776016234, -0.34660515189170843], [0.9429908394813538, -0.30952209234237665, 0.12233100086450577], [5.755473255624125e-08, -0.367559552192688, -0.9300000071525574]], "fy": 1111.1113654242622, "fx": 1111.1113654242622}, {"id": 98, "img_name": "98_colors", "width": 800, "height": 800, "position": [-0.07468460500240319, 0.2555872201919556, 2.400000095367431], "rotation": [[0.39137366414070135, -0.8742203712463377, 0.2873423695564269], [-0.920232117176056, -0.37180492281913763, 0.12220641225576402], [-3.180602093665961e-08, -0.31224998831748957, -0.9499999880790709]], "fy": 1111.1113654242622, "fx": 1111.1113654242622}, {"id": 99, "img_name": "99_colors", "width": 800, "height":